-0.999141501099175
-0.998282480562013
-0.997422419179546
-0.996560799840006
-0.995697107204571
-0.994830827388720
-0.993961447648848
-0.993088456073857
-0.992211341281416
-0.991329592118622
-0.990442697366806
-0.989550145450207
-0.988651424148314
-0.987746020311621
-0.986833419580608
-0.985913106107727
-0.984984562282236
-0.984047268457674
-0.983100702681846
-0.982144340429150
-0.981177654335125
-0.980200113933077
-0.979211185392689
-0.978210331260513
-0.977197010202244
-0.976170676746717
-0.975130781031567
-0.974076768550488
-0.973008079902077
-0.971924150540223
-0.970824410526052
-0.969708284281424
-0.968575190343997
-0.967424541123916
-0.966255742662162
-0.965068194390620
-0.963861288893976
-0.962634411673513
-0.961386940912945
-0.960118247246403
-0.958827693528740
-0.957514634608312
-0.956178417102434
-0.954818379175703
-0.953433850321436
-0.952024151146453
-0.950588593159480
-0.949126478563466
-0.947637100052122
-0.946119740611019
-0.944573673323608
-0.942998161182541
-0.941392456906701
-0.939755802764380
-0.938087430403062
-0.936386560686298
-0.934652403538186
-0.932884157795998
-0.931081011071535
-0.929242139621791
-0.927366708229574
-0.925453870094730
-0.923502766736676
-0.921512527908943
-0.919482271526507
-0.917411103606667
-0.915298118224316
-0.913142397482424
-0.910943011498642
-0.908699018408923
-0.906409464389118
-0.904073383695522
-0.901689798725373
-0.899257720098371
-0.896776146760258
-0.894244066109586
-0.891660454148805
-0.889024275660817
-0.886334484412204
-0.883590023384329
-0.880789825033562
-0.877932811581884
-0.875017895339150
-0.872043979058321
-0.869009956324960
-0.865914711982345
-0.862757122593510
-0.859536056941578
-0.856250376569713
-0.852898936362045
-0.849480585166899
-0.845994166463652
-0.842438519074535
-0.838812477922644
-0.835114874837441
-0.831344539408961
-0.827500299891896
-0.823580984160709
-0.819585420716833
-0.815512439748998
-0.811360874247598
-0.807129561173981
-0.802817342685423
-0.798423067416462
-0.793945591817154
-0.789383781548691
-0.784736512936705
-0.780002674482415
-0.775181168431655
-0.770270912401633
-0.765270841065115
-0.760179907891516
-0.754997086944228
-0.749721374733257
-0.744351792122065
-0.738887386287250
-0.733327232729463
-0.727670437333741
-0.721916138477120
-0.716063509181150
-0.710111759306671
-0.704060137787870
-0.697907934902394
-0.691654484573950
-0.685299166703550
-0.678841409525220
-0.672280691981673
-0.665616546115169
-0.658848559468418
-0.651976377490086
-0.644999705939178
-0.637918313282214
-0.630732033076864
-0.623440766335387
-0.616044483860958
-0.608543228549699
-0.600937117650972
-0.593226344978293
-0.585411183062993
-0.577491985242566
-0.569469187675523
-0.561343311274408
-0.553114963548544
-0.544784840348035
-0.536353727500497
-0.527822502332015
-0.519192135063888
-0.510463690076783
-0.501638327034110
-0.492717301856550
-0.483701967539961
-0.474593774809114
-0.465394272600075
-0.456105108364382
-0.446728028188645
-0.437264876723606
-0.427717596917259
-0.418088229547175
-0.408378912547791
-0.398591880129075
-0.388729461683659
-0.378794080480299
-0.368788252142225
-0.358714582909804
-0.348575767687725
-0.338374587877757
-0.328113908999028
-0.317796678098621
-0.307425920956170
-0.297004739087054
-0.286536306549648
-0.276023866562969
-0.265470727941945
-0.254880261358334
-0.244255895436188
-0.233601112691512
-0.222919445326507
-0.212214470889549
-0.201489807812636
-0.190749110838711
-0.179996066351780
-0.169234387623242
-0.158467809988274
-0.147700085966465
-0.136934980341175
-0.126176265212318
-0.115427715037380
-0.104693101675574
-0.0939761894499753
-0.0832807302424443
-0.0726104586359128
-0.0619690871184170
-0.0513603013629175
-0.0407877555965724
-0.0302550680726750
-0.0197658166579531
-0.00932353454735266
0.00106829388220333
0.0114062370682667
0.0216869200994411
0.0319070283827630
0.0420633111333658
0.0521525846787356
0.0621717355707197
0.0721177234993188
0.0819875840031730
0.0917784309725440
0.101487458941476
0.111111945166707
0.120649251491765
0.130096825995556
0.139452204425556
0.148713011416572
0.157876961496774
0.166941859883485
0.175905603071916
0.184766179220695
0.193521668338697
0.202170242278257
0.210710164540383
0.219139789898118
0.227457563844600
0.235662021872821
0.243751788594406
0.251725576705055
0.259582185804542
0.267320501079376
0.274939491856410
0.282438210035773
0.289815788411624
0.297071438889210
0.304204450606763
0.311214187970695
0.318100088612489
0.324861661275584
0.331498483640404
0.338010200095540
0.344396519462872
0.350657212684248
0.356792110477070
0.362801100965915
0.368684127297050
0.374441185242404
0.380072320799313
0.385577627792016
0.390957245480615
0.396211356182881
0.401340182913987
0.406343987048963
0.411223066012306
0.415977750998940
0.420608404730359
0.425115419249529
0.429499213757820
0.433760232496940
0.437898942678598
0.441915832464339
0.445811408997717
0.449586196490771
0.453240734366481
0.456775575458694
0.460191284270767
0.463488435293981
0.466667611386597
0.469729402214214
0.472674402751957
0.475503211848822
0.478216430854402
0.480814662308034
0.483298508690328
0.485668571236871
0.487925448813850
0.490069736855192
0.492102026360757
0.494022902955047
0.495832946005803
0.497532727801823
0.499122812789262
0.500603756865651
0.501976106730802
0.503240399293767
0.504397161134966
0.505446908022584
0.506390144482348
0.507227363419718
0.507959045793605
0.508585660340637
0.509107663349081
0.509525498481450
0.509839596644883
0.510050375908387
0.510158241466011
0.510163585645062
0.510066787958479
0.509868215200480
0.509568221584629
0.509167148923469
0.508665326848892
0.508063073072422
0.507360693684598
0.506558483492676
0.505656726395844
0.504655695797186
0.503555655051629
0.502356857949091
0.501059549232107
0.499663965147128
0.498170334028791
0.496578876916354
0.494889808201564
0.493103336307166
0.491219664395290
0.489238991104897
0.487161511317503
0.484987416950319
0.482716897775982
0.480350142267984
0.477887338470896
0.475328674894458
0.472674341430558
0.469924530292094
0.467079436972676
0.464139261226071
0.461104208064266
0.457974488772958
0.454750321943233
0.451431934518168
0.448019562852991
0.444513453787414
0.440913865728678
0.437221069743799
0.433435350659424
0.429557008167677
0.425586357936265
0.421523732721097
0.417369483479589
0.413123980482737
0.408787614424031
0.404360797523172
0.399843964622527
0.395237574274189
0.390542109815440
0.385758080430389
0.380886022195486
0.375926499106574
0.370880104085105
0.365747459961105
0.360529220430428
0.355226070983850
0.349838729805486
0.344367948638039
0.338814513612365
0.333179246038838
0.327463003158014
0.321666678848115
0.315791204286858
0.309837548565223
0.303806719250753
0.297699762898087
0.291517765504425
0.285261852907769
0.278933191125794
0.272532986633358
0.266062486576721
0.259522978922677
0.252915792540916
0.246242297218082
0.239503903602106
0.232702063075574
0.225838267557049
0.218914049229406
0.211930980194458
0.204890672053306
0.197794775412059
0.190644979312755
0.183443010589527
0.176190633150273
0.168889647184290
0.161541888296559
0.154149226569595
0.146713565553984
0.139236841188955
0.131721020654570
0.124168101157315
0.116580108651114
0.108959096495982
0.101307144056763
0.0936263552445787
0.0859188570038441
0.0781867977478586
0.0704323457461899
0.0626576874672239
0.0548650258794221
0.0470565787149688
0.0392345766996348
0.0314012617528012
0.0235588851616986
0.0157097057340126
0.00785598793308422
1.44796343664144e-16
-0.00785598793308392
-0.0157097057340123
-0.0235588851616983
-0.0314012617528009
-0.0392345766996345
-0.0470565787149685
-0.0548650258794218
-0.0626576874672236
-0.0704323457461896
-0.0781867977478583
-0.0859188570038437
-0.0936263552445783
-0.101307144056763
-0.108959096495982
-0.116580108651113
-0.124168101157314
-0.131721020654569
-0.139236841188955
-0.146713565553984
-0.154149226569595
-0.161541888296558
-0.168889647184290
-0.176190633150273
-0.183443010589526
-0.190644979312754
-0.197794775412059
-0.204890672053306
-0.211930980194458
-0.218914049229406
-0.225838267557049
-0.232702063075574
-0.239503903602105
-0.246242297218082
-0.252915792540916
-0.259522978922676
-0.266062486576721
-0.272532986633358
-0.278933191125794
-0.285261852907769
-0.291517765504425
-0.297699762898087
-0.303806719250753
-0.309837548565222
-0.315791204286858
-0.321666678848115
-0.327463003158014
-0.333179246038838
-0.338814513612365
-0.344367948638038
-0.349838729805485
-0.355226070983850
-0.360529220430428
-0.365747459961104
-0.370880104085105
-0.375926499106573
-0.380886022195485
-0.385758080430389
-0.390542109815440
-0.395237574274189
-0.399843964622527
-0.404360797523172
-0.408787614424031
-0.413123980482737
-0.417369483479588
-0.421523732721096
-0.425586357936264
-0.429557008167677
-0.433435350659424
-0.437221069743798
-0.440913865728678
-0.444513453787413
-0.448019562852991
-0.451431934518168
-0.454750321943232
-0.457974488772957
-0.461104208064266
-0.464139261226071
-0.467079436972675
-0.469924530292094
-0.472674341430558
-0.475328674894458
-0.477887338470896
-0.480350142267984
-0.482716897775982
-0.484987416950319
-0.487161511317502
-0.489238991104897
-0.491219664395290
-0.493103336307166
-0.494889808201563
-0.496578876916354
-0.498170334028790
-0.499663965147128
-0.501059549232106
-0.502356857949091
-0.503555655051629
-0.504655695797186
-0.505656726395844
-0.506558483492676
-0.507360693684598
-0.508063073072422
-0.508665326848892
-0.509167148923469
-0.509568221584629
-0.509868215200480
-0.510066787958479
-0.510163585645062
-0.510158241466011
-0.510050375908387
-0.509839596644883
-0.509525498481450
-0.509107663349081
-0.508585660340637
-0.507959045793605
-0.507227363419719
-0.506390144482348
-0.505446908022584
-0.504397161134966
-0.503240399293768
-0.501976106730803
-0.500603756865651
-0.499122812789262
-0.497532727801823
-0.495832946005803
-0.494022902955047
-0.492102026360758
-0.490069736855192
-0.487925448813851
-0.485668571236871
-0.483298508690328
-0.480814662308034
-0.478216430854402
-0.475503211848822
-0.472674402751957
-0.469729402214214
-0.466667611386597
-0.463488435293981
-0.460191284270767
-0.456775575458694
-0.453240734366481
-0.449586196490771
-0.445811408997717
-0.441915832464339
-0.437898942678598
-0.433760232496940
-0.429499213757820
-0.425115419249529
-0.420608404730359
-0.415977750998940
-0.411223066012306
-0.406343987048963
-0.401340182913987
-0.396211356182881
-0.390957245480616
-0.385577627792016
-0.380072320799313
-0.374441185242404
-0.368684127297050
-0.362801100965915
-0.356792110477070
-0.350657212684249
-0.344396519462873
-0.338010200095540
-0.331498483640404
-0.324861661275584
-0.318100088612489
-0.311214187970695
-0.304204450606763
-0.297071438889210
-0.289815788411624
-0.282438210035773
-0.274939491856410
-0.267320501079376
-0.259582185804542
-0.251725576705056
-0.243751788594406
-0.235662021872821
-0.227457563844600
-0.219139789898118
-0.210710164540383
-0.202170242278257
-0.193521668338697
-0.184766179220695
-0.175905603071916
-0.166941859883485
-0.157876961496774
-0.148713011416572
-0.139452204425556
-0.130096825995556
-0.120649251491765
-0.111111945166707
-0.101487458941476
-0.0917784309725439
-0.0819875840031729
-0.0721177234993186
-0.0621717355707196
-0.0521525846787354
-0.0420633111333656
-0.0319070283827628
-0.0216869200994409
-0.0114062370682665
-0.00106829388220317
0.00932353454735282
0.0197658166579533
0.0302550680726751
0.0407877555965726
0.0513603013629177
0.0619690871184172
0.0726104586359129
0.0832807302424444
0.0939761894499754
0.104693101675574
0.115427715037381
0.126176265212318
0.136934980341175
0.147700085966465
0.158467809988274
0.169234387623242
0.179996066351780
0.190749110838711
0.201489807812636
0.212214470889549
0.222919445326507
0.233601112691512
0.244255895436189
0.254880261358334
0.265470727941945
0.276023866562970
0.286536306549648
0.297004739087054
0.307425920956170
0.317796678098622
0.328113908999029
0.338374587877757
0.348575767687725
0.358714582909805
0.368788252142225
0.378794080480299
0.388729461683660
0.398591880129075
0.408378912547792
0.418088229547175
0.427717596917259
0.437264876723607
0.446728028188645
0.456105108364382
0.465394272600075
0.474593774809115
0.483701967539961
0.492717301856550
0.501638327034110
0.510463690076784
0.519192135063888
0.527822502332016
0.536353727500497
0.544784840348035
0.553114963548544
0.561343311274408
0.569469187675524
0.577491985242566
0.585411183062993
0.593226344978293
0.600937117650972
0.608543228549699
0.616044483860958
0.623440766335387
0.630732033076863
0.637918313282214
0.644999705939178
0.651976377490086
0.658848559468418
0.665616546115169
0.672280691981673
0.678841409525220
0.685299166703550
0.691654484573949
0.697907934902393
0.704060137787870
0.710111759306670
0.716063509181149
0.721916138477119
0.727670437333741
0.733327232729462
0.738887386287249
0.744351792122065
0.749721374733257
0.754997086944227
0.760179907891516
0.765270841065115
0.770270912401633
0.775181168431654
0.780002674482414
0.784736512936705
0.789383781548691
0.793945591817154
0.798423067416462
0.802817342685422
0.807129561173980
0.811360874247598
0.815512439748998
0.819585420716833
0.823580984160708
0.827500299891896
0.831344539408961
0.835114874837441
0.838812477922643
0.842438519074535
0.845994166463652
0.849480585166898
0.852898936362045
0.856250376569713
0.859536056941578
0.862757122593510
0.865914711982344
0.869009956324960
0.872043979058321
0.875017895339150
0.877932811581884
0.880789825033562
0.883590023384329
0.886334484412204
0.889024275660817
0.891660454148805
0.894244066109586
0.896776146760258
0.899257720098371
0.901689798725373
0.904073383695521
0.906409464389118
0.908699018408923
0.910943011498642
0.913142397482424
0.915298118224316
0.917411103606667
0.919482271526507
0.921512527908944
0.923502766736676
0.925453870094730
0.927366708229574
0.929242139621791
0.931081011071535
0.932884157795998
0.934652403538186
0.936386560686299
0.938087430403063
0.939755802764380
0.941392456906701
0.942998161182541
0.944573673323608
0.946119740611019
0.947637100052122
0.949126478563466
0.950588593159480
0.952024151146453
0.953433850321436
0.954818379175703
0.956178417102434
0.957514634608313
0.958827693528740
0.960118247246403
0.961386940912946
0.962634411673514
0.963861288893977
0.965068194390620
0.966255742662162
0.967424541123917
0.968575190343997
0.969708284281424
0.970824410526053
0.971924150540223
0.973008079902077
0.974076768550488
0.975130781031567
0.976170676746717
0.977197010202244
0.978210331260513
0.979211185392689
0.980200113933077
0.981177654335125
0.982144340429150
0.983100702681846
0.984047268457674
0.984984562282236
0.985913106107727
0.986833419580607
0.987746020311621
0.988651424148314
0.989550145450207
0.990442697366806
0.991329592118622
0.992211341281415
0.993088456073857
0.993961447648848
0.994830827388720
0.995697107204571
0.996560799840006
0.997422419179546
0.998282480562013
0.999141501099175