1.439824819612320e+00
1.439938316831028e+00
1.440051590700239e+00
1.440164442541664e+00
1.440276674440806e+00
1.440388089593704e+00
1.440498492651573e+00
1.440607690062734e+00
1.440715490411224e+00
1.440821704751546e+00
1.440926146938918e+00
1.441028633954499e+00
1.441128986224998e+00
1.441227027936145e+00
1.441322587339460e+00
1.441415497051797e+00
1.441505594347172e+00
1.441592721440349e+00
1.441676725761713e+00
1.441757460222961e+00
1.441834783473147e+00
1.441908560144677e+00
1.441978661088782e+00
1.442044963600138e+00
1.442107351630191e+00
1.442165715988866e+00
1.442219954534300e+00
1.442269972350293e+00
1.442315681911160e+00
1.442357003233715e+00
1.442393864016148e+00
1.442426199763531e+00
1.442453953899760e+00
1.442477077865751e+00
1.442495531203704e+00
1.442509281627316e+00
1.442518305077807e+00
1.442522585765681e+00
1.442522116198142e+00
1.442516897192117e+00
1.442506937872868e+00
1.442492255658205e+00
1.442472876228308e+00
1.442448833481211e+00
1.442420169474043e+00
1.442386934350096e+00
1.442349186251859e+00
1.442306991220170e+00
1.442260423079622e+00
1.442209563310458e+00
1.442154500907146e+00
1.442095332223857e+00
1.442032160807151e+00
1.441965097216108e+00
1.441894258830230e+00
1.441819769645422e+00
1.441741760058426e+00
1.441660366640037e+00
1.441575731897508e+00
1.441488004026539e+00
1.441397336653271e+00
1.441303888566727e+00
1.441207823442151e+00
1.441109309555721e+00
1.441008519491121e+00
1.440905629838482e+00
1.440800820886186e+00
1.440694276306094e+00
1.440586182832718e+00
1.440476729936887e+00
1.440366109494495e+00
1.440254515450876e+00
1.440142143481404e+00
1.440029190648901e+00
1.439915855058460e+00
1.439802335510265e+00
1.439688831151033e+00
1.439575541124682e+00
1.439462664222835e+00
1.439350398535769e+00
1.439238941104444e+00
1.439128487574199e+00
1.439019231850743e+00
1.438911365759055e+00
1.438805078705780e+00
1.438700557345726e+00
1.438597985253080e+00
1.438497542597885e+00
1.438399405828394e+00
1.438303747359860e+00
1.438210735270298e+00
1.438120533003793e+00
1.438033299081886e+00
1.437949186823514e+00
1.437868344074084e+00
1.437790912944100e+00
1.437717029557862e+00
1.437646823812662e+00
1.437580419148928e+00
1.437517932331739e+00
1.437459473244088e+00
1.437405144692294e+00
1.437355042223885e+00
1.437309253958325e+00
1.437267860430849e+00
1.437230934449737e+00
1.437198540967231e+00
1.437170736964408e+00
1.437147571350129e+00
1.437129084874325e+00
1.437115310055737e+00
1.437106271124257e+00
1.437101983977969e+00
1.437102456154969e+00
1.437107686820030e+00
1.437117666766106e+00
1.437132378430706e+00
1.437151795927084e+00
1.437175885090195e+00
1.437204603537336e+00
1.437237900743360e+00
1.437275718130317e+00
1.437317989171362e+00
1.437364639508750e+00
1.437415587085686e+00
1.437470742291801e+00
1.437530008121975e+00
1.437593280348235e+00
1.437660447704395e+00
1.437731392083118e+00
1.437805988745035e+00
1.437884106539528e+00
1.437965608136807e+00
1.438050350270818e+00
1.438138183992592e+00
1.438228954933516e+00
1.438322503578114e+00
1.438418665545800e+00
1.438517271881109e+00
1.438618149351893e+00
1.438721120754931e+00
1.438826005228415e+00
1.438932618570760e+00
1.439040773565132e+00
1.439150280309174e+00
1.439260946549284e+00
1.439372578018889e+00
1.439484978780101e+00
1.439597951568144e+00
1.439711298137949e+00
