5.903905360991470e-02
5.903905360991470e-02
5.903905360991470e-02
5.903905360991470e-02
5.903905360991470e-02
5.903905360991470e-02
5.903905360991470e-02
5.903905360991470e-02
5.903905360991470e-02
5.903905360991470e-02
5.903905360991470e-02
5.903905360991470e-02
5.903905360991470e-02
5.903905360991470e-02
5.903905360991470e-02
5.903905360991470e-02
5.903905360991470e-02
5.903905360991470e-02
5.903905360991470e-02
5.903905360991470e-02
5.903905360991470e-02
5.903905360991470e-02
5.903905360991470e-02
5.903905360991470e-02
5.903905360991470e-02
5.903905360991470e-02
5.903905360991470e-02
5.903905360991470e-02
5.903905360991470e-02
5.903905360991470e-02
5.903905360991470e-02
5.903905360991470e-02
8.363527720117475e-01
8.363527720117475e-01
8.363527720117475e-01
8.363527720117475e-01
8.363527720117475e-01
8.363527720117475e-01
8.363527720117475e-01
8.363527720117475e-01
8.363527720117475e-01
8.363527720117475e-01
8.363527720117475e-01
8.363527720117475e-01
8.363527720117475e-01
8.363527720117475e-01
8.363527720117475e-01
8.363527720117475e-01
8.363527720117475e-01
8.363527720117475e-01
8.363527720117475e-01
8.363527720117475e-01
8.363527720117475e-01
8.363527720117475e-01
8.363527720117475e-01
8.363527720117475e-01
8.363527720117475e-01
8.363527720117475e-01
8.363527720117475e-01
8.363527720117475e-01
8.363527720117475e-01
8.363527720117475e-01
8.363527720117475e-01
8.363527720117475e-01
-4.968281676337510e-02
-4.968281676337510e-02
-4.968281676337510e-02
-4.968281676337510e-02
-4.968281676337510e-02
-4.968281676337510e-02
-4.968281676337510e-02
-4.968281676337510e-02
-4.968281676337510e-02
-4.968281676337510e-02
-4.968281676337510e-02
-4.968281676337510e-02
-4.968281676337510e-02
-4.968281676337510e-02
-4.968281676337510e-02
-4.968281676337510e-02
-4.968281676337510e-02
-4.968281676337510e-02
-4.968281676337510e-02
-4.968281676337510e-02
-4.968281676337510e-02
-4.968281676337510e-02
-4.968281676337510e-02
-4.968281676337510e-02
-4.968281676337510e-02
-4.968281676337510e-02
-4.968281676337510e-02
-4.968281676337510e-02
-4.968281676337510e-02
-4.968281676337510e-02
-4.968281676337510e-02
-4.968281676337510e-02
