0.00418805243812546
0.00837593711032002
0.0125634862728949
0.0167505321990597
0.0209369071849237
0.0251224435564575
0.0293069736765361
0.0334903299519888
0.0376723448406482
0.0418528508583995
0.0460316805862270
0.0502086666772600
0.0543836418638163
0.0585564389644438
0.0627268908909596
0.0668948306554857
0.0710600913774827
0.0752225062907793
0.0793819087505988
0.0835381322405808
0.0876910103798000
0.0918403769297793
0.0959860658014989
0.100127911062400
0.104265746943383
0.108399407845800
0.112528728348445
0.116653543214528
0.120773687398657
0.124888996053800
0.128999304538246
0.133104448422564
0.137204263496539
0.141298585776119
0.145387251510338
0.149470097188241
0.153546959545795
0.157617675572794
0.161682082519749
0.165740017904778
0.169791319520477
0.173835825440787
0.177873374027845
0.181903803938834
0.185926954132808
0.189942663877518
0.193950772756221
0.197951120674479
0.201943547866942
0.205927894904126
0.209904002699169
0.213871712514586
0.217830865968995
0.221781305043847
0.225722872090129
0.229655409835057
0.233578761388760
0.237492770250939
0.241397280317520
0.245292135887289
0.249177181668510
0.253052262785527
0.256917224785355
0.260771913644249
0.264616175774256
0.268449858029758
0.272272807713987
0.276084872585530
0.279885900864817
0.283675741240580
0.287454242876311
0.291221255416684
0.294976628993970
0.298720214234429
0.302451862264679
0.306171424718048
0.309878753740910
0.313573701998993
0.317256122683668
0.320925869518222
0.324582796764102
0.328226759227145
0.331857612263774
0.335475211787190
0.339079414273521
0.342670076767962
0.346247056890884
0.349810212843923
0.353359403416044
0.356894487989578
0.360415326546236
0.363921779673098
0.367413708568578
0.370890975048354
0.374353441551284
0.377800971145288
0.381233427533199
0.384650675058597
0.388052578711605
0.391439004134660
0.394809817628256
0.398164886156656
0.401504077353572
0.404827259527825
0.408134301668953
0.411425073452810
0.414699445247122
0.417957288117008
0.421198473830474
0.424422874863876
0.427630364407335
0.430820816370134
0.433994105386070
0.437150106818771
0.440288696766982
0.443409752069804
0.446513150311906
0.449598769828692
0.452666489711433
0.455716189812353
0.458747750749682
0.461761053912662
0.464755981466518
0.467732416357376
0.470690242317150
0.473629343868374
0.476549606328995
0.479450915817120
0.482333159255713
0.485196224377249
0.488039999728317
0.490864374674171
0.493669239403242
0.496454484931581
0.499220003107267
0.501965686614753
0.504691428979162
0.507397124570525
0.510082668607961
0.512747957163812
0.515392887167705
0.518017356410561
0.520621263548553
0.523204508106985
0.525766990484123
0.528308611954959
0.530829274674907
0.533328881683440
0.535807336907651
0.538264545165760
0.540700412170535
0.543114844532664
0.545507749764028
0.547879036280935
0.550228613407254
0.552556391377490
0.554862281339769
0.557146195358766
0.559408046418540
0.561647748425291
0.563865216210051
0.566060365531277
0.568233113077371
0.570383376469121
0.572511074262048
0.574616125948678
0.576698451960720
0.578757973671174
0.580794613396327
0.582808294397682
0.584798940883794
0.586766478012012
0.588710831890133
0.590631929577971
0.592529699088829
0.594404069390888
0.596254970408495
0.598082333023370
0.599886089075712
0.601666171365220
0.603422513652026
0.605155050657526
0.606863718065126
0.608548452520905
0.610209191634167
0.611845873977932
0.613458439089304
0.615046827469787
0.616610980585486
0.618150840867233
0.619666351710628
0.621157457475991
0.622624103488235
0.624066236036658
0.625483802374652
0.626876750719338
0.628245030251118
0.629588591113161
0.630907384410811
0.632201362210931
0.633470477541163
0.634714684389146
0.635933937701651
0.637128193383666
0.638297408297422
0.639441540261358
0.640560548049045
0.641654391388048
0.642723030958753
0.643766428393144
0.644784546273546
0.645777348131330
0.646744798445578
0.647686862641735
0.648603507090220
0.649494699105022
0.650360406942277
0.651200599798829
0.652015247810781
0.652804322052037
0.653567794532847
0.654305638198338
0.655017826927062
0.655704335529553
0.656365139746880
0.657000216249230
0.657609542634504
0.658193097426934
0.658750860075728
0.659282810953742
0.659788931356189
0.660269203499376
0.660723610519490
0.661152136471418
0.661554766327617
0.661931485977026
0.662282282224042
0.662607142787533
0.662906056299922
0.663179012306315
0.663426001263702
0.663647014540219
0.663842044414463
0.664011084074892
0.664154127619276
0.664271170054228
0.664362207294802
0.664427236164158
0.664466254393314
0.664479260620952
0.664466254393314
0.664427236164158
0.664362207294802
0.664271170054228
0.664154127619276
0.664011084074892
0.663842044414463
0.663647014540219
0.663426001263702
0.663179012306315
0.662906056299922
0.662607142787533
0.662282282224042
0.661931485977026
0.661554766327616
0.661152136471418
0.660723610519490
0.660269203499375
0.659788931356188
0.659282810953742
0.658750860075728
0.658193097426934
0.657609542634504
0.657000216249230
0.656365139746880
0.655704335529553
0.655017826927062
0.654305638198337
0.653567794532847
0.652804322052037
0.652015247810781
0.651200599798830
0.650360406942277
0.649494699105022
0.648603507090220
0.647686862641735
0.646744798445578
0.645777348131331
0.644784546273547
0.643766428393145
0.642723030958754
0.641654391388049
0.640560548049046
0.639441540261359
0.638297408297423
0.637128193383667
0.635933937701651
0.634714684389147
0.633470477541164
0.632201362210932
0.630907384410812
0.629588591113162
0.628245030251118
0.626876750719338
0.625483802374653
0.624066236036659
0.622624103488236
0.621157457475992
0.619666351710629
0.618150840867234
0.616610980585486
0.615046827469788
0.613458439089305
0.611845873977932
0.610209191634168
0.608548452520905
0.606863718065127
0.605155050657526
0.603422513652027
0.601666171365221
0.599886089075712
0.598082333023371
0.596254970408495
0.594404069390889
0.592529699088830
0.590631929577971
0.588710831890134
0.586766478012013
0.584798940883795
0.582808294397683
0.580794613396327
0.578757973671175
0.576698451960721
0.574616125948679
0.572511074262049
0.570383376469121
0.568233113077371
0.566060365531277
0.563865216210051
0.561647748425292
0.559408046418540
0.557146195358767
0.554862281339770
0.552556391377490
0.550228613407254
0.547879036280935
0.545507749764028
0.543114844532664
0.540700412170536
0.538264545165760
0.535807336907651
0.533328881683440
0.530829274674907
0.528308611954959
0.525766990484123
0.523204508106985
0.520621263548553
0.518017356410561
0.515392887167705
0.512747957163812
0.510082668607961
0.507397124570525
0.504691428979162
0.501965686614753
0.499220003107267
0.496454484931581
0.493669239403242
0.490864374674172
0.488039999728317
0.485196224377249
0.482333159255713
0.479450915817120
0.476549606328995
0.473629343868374
0.470690242317150
0.467732416357376
0.464755981466518
0.461761053912662
0.458747750749682
0.455716189812353
0.452666489711434
0.449598769828692
0.446513150311906
0.443409752069804
0.440288696766982
0.437150106818771
0.433994105386070
0.430820816370134
0.427630364407335
0.424422874863876
0.421198473830475
0.417957288117008
0.414699445247122
0.411425073452810
0.408134301668953
0.404827259527825
0.401504077353573
0.398164886156656
0.394809817628256
0.391439004134660
0.388052578711605
0.384650675058597
0.381233427533199
0.377800971145288
0.374353441551284
0.370890975048354
0.367413708568578
0.363921779673098
0.360415326546236
0.356894487989578
0.353359403416044
0.349810212843923
0.346247056890884
0.342670076767962
0.339079414273521
0.335475211787190
0.331857612263774
0.328226759227145
0.324582796764102
0.320925869518222
0.317256122683668
0.313573701998993
0.309878753740910
0.306171424718048
0.302451862264679
0.298720214234429
0.294976628993970
0.291221255416684
0.287454242876311
0.283675741240580
0.279885900864816
0.276084872585530
0.272272807713986
0.268449858029757
0.264616175774256
0.260771913644249
0.256917224785355
0.253052262785527
0.249177181668510
0.245292135887289
0.241397280317520
0.237492770250939
0.233578761388760
0.229655409835057
0.225722872090129
0.221781305043847
0.217830865968995
0.213871712514585
0.209904002699169
0.205927894904126
0.201943547866942
0.197951120674479
0.193950772756221
0.189942663877518
0.185926954132808
0.181903803938834
0.177873374027845
0.173835825440787
0.169791319520477
0.165740017904778
0.161682082519749
0.157617675572794
0.153546959545795
0.149470097188241
0.145387251510338
0.141298585776119
0.137204263496539
0.133104448422564
0.128999304538246
0.124888996053800
0.120773687398657
0.116653543214528
0.112528728348445
0.108399407845800
0.104265746943383
0.100127911062400
0.0959860658014989
0.0918403769297793
0.0876910103798000
0.0835381322405807
0.0793819087505987
0.0752225062907793
0.0710600913774827
0.0668948306554857
0.0627268908909596
0.0585564389644438
0.0543836418638162
0.0502086666772600
0.0460316805862270
0.0418528508583995
0.0376723448406482
0.0334903299519887
0.0293069736765361
0.0251224435564575
0.0209369071849237
0.0167505321990597
0.0125634862728949
0.00837593711032002
0.00418805243812546
1.68493305751586e-08
3.38482583662265e-08
5.10109952112527e-08
6.83402974484521e-08
8.58379633744064e-08
1.03505726100459e-07
1.21345329887709e-07
1.39358536782994e-07
1.57547127277813e-07
1.75912900449042e-07
1.94457674050769e-07
2.13183284597529e-07
2.32091587442183e-07
2.51184456848452e-07
2.70463786057834e-07
2.89931487350577e-07
3.09589492100408e-07
3.29439750822643e-07
3.49484233215368e-07
3.69724928193279e-07
3.90163843913843e-07
4.10803007795354e-07
4.31644466526505e-07
4.52690286067020e-07
4.73942551638945e-07
4.95403367708100e-07
5.17074857955272e-07
5.38959165236618e-07
5.61058451532787e-07
5.83374897886256e-07
6.05910704326309e-07
6.28668089781132e-07
6.51649291976415e-07
6.74856567319884e-07
6.98292190771140e-07
7.21958455696152e-07
7.45857673705782e-07
7.69992174477600e-07
7.94364305560342e-07
8.18976432160268e-07
8.43830936908643e-07
8.68930219609609e-07
8.94276696967626e-07
9.19872802293654e-07
9.45720985189275e-07
9.71823711207804e-07
9.98183461491572e-07
1.02480273238441e-06
1.05168403501838e-06
1.07882989487381e-06
1.10624285131159e-06
1.13392545707670e-06
1.16188027777195e-06
1.19010989130079e-06
1.21861688727806e-06
1.24740386640760e-06
1.27647343982548e-06
1.30582822840771e-06
1.33547086204103e-06
1.36540397885578e-06
1.39563022441927e-06
1.42615225088856e-06
1.45697271612112e-06
1.48809428274208e-06
1.51951961716664e-06
1.55125138857618e-06
1.58329226784661e-06
1.61564492642745e-06
1.64831203517011e-06
1.68129626310390e-06
1.71460027615799e-06
1.74822673582800e-06
1.78217829778530e-06
1.81645761042759e-06
1.85106731336900e-06
1.88601003586797e-06
1.92128839519134e-06
1.95690499491277e-06
1.99286242314385e-06
2.02916325069610e-06
2.06581002917212e-06
2.10280528898411e-06
2.14015153729800e-06
2.17785125590133e-06
2.21590689899329e-06
2.25432089089485e-06
2.29309562367759e-06
2.33223345470909e-06
2.37173670411351e-06
2.41160765214530e-06
2.45184853647459e-06
2.49246154938260e-06
2.53344883486520e-06
2.57481248564333e-06
2.61655454007859e-06
2.65867697899254e-06
2.70118172238825e-06
2.74407062607283e-06
2.78734547817964e-06
2.83100799558883e-06
2.87505982024533e-06
2.91950251537313e-06
2.96433756158492e-06
3.00956635288644e-06
3.05519019257470e-06
3.10121028902966e-06
3.14762775139896e-06
3.19444358517538e-06
3.24165868766715e-06
3.28927384336096e-06
3.33728971917819e-06
3.38570685962480e-06
3.43452568183553e-06
3.48374647051336e-06
3.53336937276544e-06
3.58339439283693e-06
3.63382138674438e-06
3.68465005681056e-06
3.73587994610315e-06
3.78751043277968e-06
3.83954072434162e-06
3.89196985180092e-06
3.94479666376233e-06
3.99801982042562e-06
4.05163778751174e-06
4.10564883011768e-06
4.16005100650507e-06
4.21484216182781e-06
4.27001992180479e-06
4.32558168634373e-06
4.38152462312314e-06
4.43784566113914e-06
4.49454148422528e-06
4.55160852455296e-06
4.60904295612130e-06
4.66684068824532e-06
4.72499735905203e-06
4.78350832899436e-06
4.84236867439353e-06
4.90157318102049e-06
4.96111633772848e-06
5.02099233014793e-06
5.08119503445676e-06
5.14171801123859e-06
5.20255449944227e-06
5.26369741045676e-06
5.32513932231532e-06
5.38687247404397e-06
5.44888876016915e-06
5.51117972540014e-06
5.57373655950215e-06
5.63655009237619e-06
5.69961078936242e-06
5.76290874678365e-06
5.82643368774615e-06
5.89017495821515e-06
5.95412152338242e-06
6.01826196434365e-06
6.08258447510348e-06
6.14707685992573e-06
6.21172653104694e-06
6.27652050677103e-06
6.34144540996251e-06
6.40648746695609e-06
6.47163250689998e-06
6.53686596155009e-06
6.60217286553160e-06
6.66753785708495e-06
6.73294517931157e-06
6.79837868193543e-06
6.86382182359489e-06
6.92925767467946e-06
6.99466892072506e-06
7.06003786638036e-06
7.12534643995667e-06
7.19057619857208e-06
7.25570833390045e-06
7.32072367853400e-06
7.38560271296820e-06
7.45032557321532e-06
7.51487205905282e-06
7.57922164291115e-06
7.64335347940397e-06
7.70724641550299e-06
7.77087900135793e-06
7.83422950176045e-06
7.89727590825026e-06
7.95999595185925e-06
8.02236711648818e-06
8.08436665290943e-06
8.14597159338716e-06
8.20715876690510e-06
8.26790481499006e-06
8.32818620811839e-06
8.38797926269059e-06
8.44726015855770e-06
8.50600495708165e-06
8.56418961971070e-06
8.62179002704831e-06
8.67878199839404e-06
8.73514131173215e-06
8.79084372414310e-06
8.84586499261143e-06
8.90018089520239e-06
8.95376725257823e-06
9.00659994982416e-06
9.05865495855305e-06
9.10990835925589e-06
9.16033636386592e-06
9.20991533850140e-06
9.25862182635284e-06
9.30643257067890e-06
9.35332453787472e-06
9.39927494057634e-06
9.44426126076353e-06
9.48826127282408e-06
9.53125306654133e-06
9.57321506996722e-06
9.61412607214296e-06
9.65396524562884e-06
9.69271216880565e-06
9.73034684791000e-06
9.76684973876558e-06
9.80220176817391e-06
9.83638435492731e-06
9.86937943040849e-06
9.90116945874069e-06
9.93173745645401e-06
9.96106701163362e-06
9.98914230251668e-06
1.00159481155054e-05
1.00414698625657e-05
1.00656935979794e-05
1.00886060344236e-05
1.01101945583457e-05
1.01304472446106e-05
1.01493528703917e-05
1.01669009282833e-05
1.01830816386110e-05
1.01978859609181e-05
1.02113056046087e-05
1.02233330387281e-05
1.02339615008644e-05
1.02431850051555e-05
1.02509983493859e-05
1.02573971211644e-05
1.02623777031680e-05
1.02659372774462e-05
1.02680738287754e-05
1.02687861470604e-05
1.02680738287754e-05
1.02659372774462e-05
1.02623777031680e-05
1.02573971211644e-05
1.02509983493859e-05
1.02431850051555e-05
1.02339615008644e-05
1.02233330387281e-05
1.02113056046087e-05
1.01978859609181e-05
1.01830816386110e-05
1.01669009282833e-05
1.01493528703917e-05
1.01304472446106e-05
1.01101945583457e-05
1.00886060344236e-05
1.00656935979794e-05
1.00414698625657e-05
1.00159481155054e-05
9.98914230251668e-06
9.96106701163363e-06
9.93173745645401e-06
9.90116945874070e-06
9.86937943040849e-06
9.83638435492731e-06
9.80220176817392e-06
9.76684973876558e-06
9.73034684791000e-06
9.69271216880565e-06
9.65396524562884e-06
9.61412607214297e-06
9.57321506996723e-06
9.53125306654133e-06
9.48826127282409e-06
9.44426126076354e-06
9.39927494057635e-06
9.35332453787473e-06
9.30643257067891e-06
9.25862182635285e-06
9.20991533850141e-06
9.16033636386593e-06
9.10990835925590e-06
9.05865495855306e-06
9.00659994982417e-06
8.95376725257824e-06
8.90018089520240e-06
8.84586499261144e-06
8.79084372414311e-06
8.73514131173216e-06
8.67878199839405e-06
8.62179002704833e-06
8.56418961971071e-06
8.50600495708166e-06
8.44726015855771e-06
8.38797926269059e-06
8.32818620811840e-06
8.26790481499007e-06
8.20715876690511e-06
8.14597159338717e-06
8.08436665290944e-06
8.02236711648819e-06
7.95999595185927e-06
7.89727590825028e-06
7.83422950176046e-06
7.77087900135794e-06
7.70724641550300e-06
7.64335347940398e-06
7.57922164291116e-06
7.51487205905283e-06
7.45032557321533e-06
7.38560271296821e-06
7.32072367853401e-06
7.25570833390046e-06
7.19057619857209e-06
7.12534643995668e-06
7.06003786638037e-06
6.99466892072506e-06
6.92925767467947e-06
6.86382182359489e-06
6.79837868193544e-06
6.73294517931158e-06
6.66753785708495e-06
6.60217286553160e-06
6.53686596155009e-06
6.47163250689998e-06
6.40648746695609e-06
6.34144540996251e-06
6.27652050677103e-06
6.21172653104694e-06
6.14707685992573e-06
6.08258447510349e-06
6.01826196434366e-06
5.95412152338243e-06
5.89017495821515e-06
5.82643368774615e-06
5.76290874678366e-06
5.69961078936243e-06
5.63655009237619e-06
5.57373655950215e-06
5.51117972540015e-06
5.44888876016915e-06
5.38687247404397e-06
5.32513932231532e-06
5.26369741045676e-06
5.20255449944228e-06
5.14171801123859e-06
5.08119503445677e-06
5.02099233014793e-06
4.96111633772848e-06
4.90157318102050e-06
4.84236867439353e-06
4.78350832899437e-06
4.72499735905203e-06
4.66684068824533e-06
4.60904295612131e-06
4.55160852455297e-06
4.49454148422528e-06
4.43784566113914e-06
4.38152462312314e-06
4.32558168634374e-06
4.27001992180479e-06
4.21484216182781e-06
4.16005100650507e-06
4.10564883011769e-06
4.05163778751174e-06
3.99801982042562e-06
3.94479666376233e-06
3.89196985180092e-06
3.83954072434162e-06
3.78751043277968e-06
3.73587994610315e-06
3.68465005681056e-06
3.63382138674438e-06
3.58339439283694e-06
3.53336937276544e-06
3.48374647051336e-06
3.43452568183554e-06
3.38570685962481e-06
3.33728971917819e-06
3.28927384336096e-06
3.24165868766716e-06
3.19444358517538e-06
3.14762775139896e-06
3.10121028902966e-06
3.05519019257470e-06
3.00956635288645e-06
2.96433756158493e-06
2.91950251537313e-06
2.87505982024533e-06
2.83100799558883e-06
2.78734547817964e-06
2.74407062607283e-06
2.70118172238825e-06
2.65867697899254e-06
2.61655454007859e-06
2.57481248564333e-06
2.53344883486520e-06
2.49246154938260e-06
2.45184853647459e-06
2.41160765214530e-06
2.37173670411351e-06
2.33223345470909e-06
2.29309562367759e-06
2.25432089089485e-06
2.21590689899329e-06
2.17785125590133e-06
2.14015153729800e-06
2.10280528898411e-06
2.06581002917212e-06
2.02916325069610e-06
1.99286242314385e-06
1.95690499491277e-06
1.92128839519134e-06
1.88601003586797e-06
1.85106731336899e-06
1.81645761042759e-06
1.78217829778530e-06
1.74822673582800e-06
1.71460027615799e-06
1.68129626310390e-06
1.64831203517011e-06
1.61564492642744e-06
1.58329226784661e-06
1.55125138857618e-06
1.51951961716664e-06
1.48809428274208e-06
1.45697271612112e-06
1.42615225088856e-06
1.39563022441927e-06
1.36540397885577e-06
1.33547086204103e-06
1.30582822840771e-06
1.27647343982548e-06
1.24740386640760e-06
1.21861688727806e-06
1.19010989130079e-06
1.16188027777195e-06
1.13392545707669e-06
1.10624285131158e-06
1.07882989487380e-06
1.05168403501838e-06
1.02480273238441e-06
9.98183461491571e-07
9.71823711207802e-07
9.45720985189273e-07
9.19872802293652e-07
8.94276696967624e-07
8.68930219609608e-07
8.43830936908642e-07
8.18976432160266e-07
7.94364305560341e-07
7.69992174477599e-07
7.45857673705782e-07
7.21958455696152e-07
6.98292190771139e-07
6.74856567319884e-07
6.51649291976415e-07
6.28668089781132e-07
6.05910704326309e-07
5.83374897886255e-07
5.61058451532786e-07
5.38959165236617e-07
5.17074857955272e-07
4.95403367708099e-07
4.73942551638944e-07
4.52690286067020e-07
4.31644466526505e-07
4.10803007795354e-07
3.90163843913842e-07
3.69724928193279e-07
3.49484233215368e-07
3.29439750822643e-07
3.09589492100408e-07
2.89931487350577e-07
2.70463786057834e-07
2.51184456848452e-07
2.32091587442183e-07
2.13183284597529e-07
1.94457674050769e-07
1.75912900449042e-07
1.57547127277813e-07
1.39358536782994e-07
1.21345329887709e-07
1.03505726100459e-07
8.58379633744064e-08
6.83402974484521e-08
5.10109952112527e-08
3.38482583662265e-08
1.68493305751586e-08
0.995125689256940
0.990251575302480
0.985377854914167
0.980504724850096
0.975632381840512
0.970761022579414
0.965890843716152
0.961022041847032
0.956154813506908
0.951289355160787
0.946425863195428
0.941564533910934
0.936705563512359
0.931849148101301
0.926995483667506
0.922144766080465
0.917297191081015
0.912452954272945
0.907612251114594
0.902775276910456
0.897942226802787
0.893113295763214
0.888288678584340
0.883468569871358
0.878653164033661
0.873842655276461
0.869037237592412
0.864237104753213
0.859442450301252
0.854653467541216
0.849870349531739
0.845093289077022
0.840322478718477
0.835558110726357
0.830800377091424
0.826049469516576
0.821305579408516
0.816568897869401
0.811839615688528
0.807117923333975
0.802404010944295
0.797698068320196
0.793000284916227
0.788310849832470
0.783629951806245
0.778957779203815
0.774294520012104
0.769640361830419
0.764995491862178
0.760360096906650
0.755734363350709
0.751118477160582
0.746512623873618
0.741916988590064
0.737331755964844
0.732757110199364
0.728193235033309
0.723640313736464
0.719098529100541
0.714568063431017
0.710049098538987
0.705541815733030
0.701046395811083
0.696563019052333
0.692091865209121
0.687633113498858
0.683186942595962
0.678753530623808
0.674333055146682
0.669925693161777
0.665531621091176
0.661151014773868
0.656784049457779
0.652430899791830
0.648091739817994
0.643766742963391
0.639456082032390
0.635159929198738
0.630878455997709
0.626611833318276
0.622360231395297
0.618123819801735
0.613902767440896
0.609697242538685
0.605507412635905
0.601333444580560
0.597175504520194
0.593033757894260
0.588908369426512
0.584799503117427
0.580707322236651
0.576631989315486
0.572573666139395
0.568532513740550
0.564508692390396
0.560502361592273
0.556513680074049
0.552542805780798
0.548589895867506
0.544655106691836
0.540738593806900
0.536840511954087
0.532961015055935
0.529100256209026
0.525258387676939
0.521435560883241
0.517631926404512
0.513847633963435
0.510082832421908
0.506337669774226
0.502612293140290
0.498906848758884
0.495221481980986
0.491556337263148
0.487911558160913
0.484287287322298
0.480683666481325
0.477100836451613
0.473538937120031
0.469998107440402
0.466478485427279
0.462980208149775
0.459503411725460
0.456048231314326
0.452614801112817
0.449203254347927
0.445813723271369
0.442446339153818
0.439101232279224
0.435778531939199
0.432478366427488
0.429200863034514
0.425946148041999
0.422714346717676
0.419505583310076
0.416319981043408
0.413157662112524
0.410018747677968
0.406903357861123
0.403811611739451
0.400743627341821
0.397699521643941
0.394679410563886
0.391683408957723
0.388711630615248
0.385764188255816
0.382841193524287
0.379942756987075
0.377068988128307
0.374219995346099
0.371395885948943
0.368596766152207
0.365822741074760
0.363073914735714
0.360350390051281
0.357652268831768
0.354979651778684
0.352332638481983
0.349711327417428
0.347115815944093
0.344546200301996
0.342002575609858
0.339485035863013
0.336993673931438
0.334528581557932
0.332089849356431
0.329677566810468
0.327291822271763
0.324932702958975
0.322600294956579
0.320294683213905
0.318015951544305
0.315764182624486
0.313539457993968
0.311341858054712
0.309171462070877
0.307028348168735
0.304912593336727
0.302824273425675
0.300763463149131
0.298730236083881
0.296724664670587
0.294746820214582
0.292796772886802
0.290874591724863
0.288980344634283
0.287114098389838
0.285275918637058
0.283465869893859
0.281684015552312
0.279930417880532
0.278205138024713
0.276508236011272
0.274839770749128
0.273199800032087
0.271588380541359
0.270005567848179
0.268451416416532
0.266925979605990
0.265429309674645
0.263961457782141
0.262522473992792
0.261112407278785
0.259731305523476
0.258379215524742
0.257056182998422
0.255762252581806
0.254497467837199
0.253261871255524
0.252055504259975
0.250878407209719
0.249730619403621
0.248612179084001
0.247523123440412
0.246463488613434
0.245433309698474
0.244432620749566
0.243461454783165
0.242519843781931
0.241607818698490
0.240725409459170
0.239872644967701
0.239049553108878
0.238256160752174
0.237492493755297
0.236758576967692
0.236054434233968
0.235380088397253
0.234735561302475
0.234120873799540
0.233536045746435
0.232981096012217
0.232456042479906
0.231960902049258
0.231495690639432
0.231060423191524
0.230655113670984
0.230279775069893
0.229934419409107
0.229619057740262
0.229333700147629
0.229078355749829
0.228853032701383
0.228657738194121
0.228492478458422
0.228357258764298
0.228252083422317
0.228176955784353
0.228131878244183
0.228116852237903
0.228131878244183
0.228176955784353
0.228252083422317
0.228357258764298
0.228492478458422
0.228657738194121
0.228853032701383
0.229078355749829
0.229333700147629
0.229619057740262
0.229934419409107
0.230279775069893
0.230655113670984
0.231060423191524
0.231495690639432
0.231960902049258
0.232456042479906
0.232981096012217
0.233536045746435
0.234120873799540
0.234735561302475
0.235380088397253
0.236054434233967
0.236758576967692
0.237492493755297
0.238256160752174
0.239049553108878
0.239872644967701
0.240725409459170
0.241607818698490
0.242519843781931
0.243461454783165
0.244432620749566
0.245433309698474
0.246463488613434
0.247523123440412
0.248612179084001
0.249730619403621
0.250878407209719
0.252055504259975
0.253261871255523
0.254497467837199
0.255762252581806
0.257056182998421
0.258379215524742
0.259731305523475
0.261112407278785
0.262522473992792
0.263961457782141
0.265429309674645
0.266925979605989
0.268451416416532
0.270005567848179
0.271588380541359
0.273199800032086
0.274839770749127
0.276508236011272
0.278205138024713
0.279930417880532
0.281684015552312
0.283465869893859
0.285275918637058
0.287114098389838
0.288980344634283
0.290874591724863
0.292796772886802
0.294746820214582
0.296724664670587
0.298730236083881
0.300763463149131
0.302824273425675
0.304912593336726
0.307028348168734
0.309171462070877
0.311341858054712
0.313539457993968
0.315764182624485
0.318015951544305
0.320294683213905
0.322600294956579
0.324932702958974
0.327291822271763
0.329677566810468
0.332089849356432
0.334528581557932
0.336993673931438
0.339485035863013
0.342002575609859
0.344546200301996
0.347115815944093
0.349711327417428
0.352332638481983
0.354979651778684
0.357652268831768
0.360350390051280
0.363073914735714
0.365822741074760
0.368596766152207
0.371395885948943
0.374219995346099
0.377068988128307
0.379942756987074
0.382841193524287
0.385764188255816
0.388711630615248
0.391683408957723
0.394679410563886
0.397699521643941
0.400743627341821
0.403811611739451
0.406903357861123
0.410018747677968
0.413157662112524
0.416319981043408
0.419505583310075
0.422714346717675
0.425946148041999
0.429200863034514
0.432478366427488
0.435778531939198
0.439101232279223
0.442446339153818
0.445813723271369
0.449203254347926
0.452614801112817
0.456048231314326
0.459503411725459
0.462980208149775
0.466478485427279
0.469998107440402
0.473538937120031
0.477100836451613
0.480683666481325
0.484287287322298
0.487911558160913
0.491556337263148
0.495221481980986
0.498906848758883
0.502612293140290
0.506337669774226
0.510082832421907
0.513847633963435
0.517631926404512
0.521435560883240
0.525258387676939
0.529100256209026
0.532961015055935
0.536840511954087
0.540738593806900
0.544655106691836
0.548589895867506
0.552542805780798
0.556513680074049
0.560502361592273
0.564508692390396
0.568532513740550
0.572573666139396
0.576631989315486
0.580707322236652
0.584799503117427
0.588908369426512
0.593033757894260
0.597175504520194
0.601333444580560
0.605507412635905
0.609697242538685
0.613902767440896
0.618123819801735
0.622360231395297
0.626611833318276
0.630878455997709
0.635159929198738
0.639456082032390
0.643766742963391
0.648091739817994
0.652430899791830
0.656784049457779
0.661151014773868
0.665531621091176
0.669925693161778
0.674333055146683
0.678753530623808
0.683186942595963
0.687633113498858
0.692091865209122
0.696563019052333
0.701046395811083
0.705541815733031
0.710049098538988
0.714568063431018
0.719098529100542
0.723640313736465
0.728193235033310
0.732757110199365
0.737331755964845
0.741916988590065
0.746512623873619
0.751118477160583
0.755734363350710
0.760360096906651
0.764995491862178
0.769640361830419
0.774294520012105
0.778957779203816
0.783629951806246
0.788310849832471
0.793000284916228
0.797698068320197
0.802404010944295
0.807117923333975
0.811839615688529
0.816568897869402
0.821305579408516
0.826049469516577
0.830800377091424
0.835558110726358
0.840322478718478
0.845093289077023
0.849870349531739
0.854653467541216
0.859442450301252
0.864237104753213
0.869037237592412
0.873842655276461
0.878653164033661
0.883468569871358
0.888288678584341
0.893113295763215
0.897942226802787
0.902775276910456
0.907612251114594
0.912452954272946
0.917297191081015
0.922144766080465
0.926995483667506
0.931849148101301
0.936705563512359
0.941564533910934
0.946425863195427
0.951289355160787
0.956154813506908
0.961022041847031
0.965890843716152
0.970761022579413
0.975632381840512
0.980504724850096
0.985377854914167
0.990251575302480
0.995125689256940